1               00
2               00
3               00
4               00
5               E8
6               00
7               00
8               00
9               E8
10              00
11              00
12              00
13              E8
14              00
15              00
16              00
17              E8
18              00
19              00
20              00
21              E8
22              00
23              00
24              00
25              E8
26              00
27              00
28              00
29              E8
30              00
31              00
32              00
33              E8
34              00
35              00
36              00
37              E8
38              00
39              00
40              00
41              E8
42              00
43              00
44              00
45              E8
46              00
47              00
48              00
49              E8
50              00
51              00
52              00
53              E8
54              00
55              00
56              00
57              E8
58              00
59              00
60              00
61              E8
62              00
63              00
64              00
65              E8
66              00
67              00
68              00
69              E8
70              00
71              00
72              00
73              E8
74              00
75              00
76              00
77              E8
78              00
79              00
80              00
81              E8
82              00
83              00
84              00
85              E8
86              00
87              00
88              00
89              E8
90              00
91              00
92              00
93              E8
94              00
95              00
96              00
97              E8
98              00
99              00
100             00
101             E8
102             00
103             00
104             00
105             E8
106             00
107             00
108             00
109             E8
110             00
111             00
112             00
113             E8
114             00
115             00
116             00
117             E8
118             00
119             00
120             00
121             E8
122             00
123             00
124             00
125             FF
126             FF
127             FF
128             FF
129             00
130             00
131             00
132             00
133             E8
134             00
135             64
136             FF
137             E8
138             00
139             65
140             FF
141             E8
142             00
143             66
144             FF
145             E8
146             00
147             67
148             FF
149             E8
150             00
151             68
152             FF
153             E8
154             00
155             69
156             FF
157             E8
158             00
159             6A
160             FF
161             E8
162             00
163             6B
164             FF
165             E8
166             00
167             6C
168             FF
169             E8
170             00
171             6D
172             FF
173             E8
174             00
175             6E
176             FF
177             E8
178             00
179             6F
180             FF
181             E8
182             00
183             70
184             FF
185             E8
186             00
187             71
188             FF
189             E8
190             00
191             72
192             FF
193             E8
194             00
195             73
196             FF
197             E8
198             00
199             74
200             FF
201             E8
202             00
203             75
204             FF
205             E8
206             00
207             76
208             FF
209             E8
210             00
211             77
212             FF
213             E8
214             00
215             78
216             FF
217             E8
218             00
219             79
220             FF
221             E8
222             00
223             7A
224             FF
225             E8
226             00
227             7B
228             FF
229             E8
230             00
231             7C
232             FF
233             E8
234             00
235             7D
236             FF
237             E8
238             00
239             7E
240             FF
241             E8
242             00
243             7F
244             FF
245             E8
246             00
247             80
248             FF
249             E8
250             00
251             81
252             FF
253             FF
254             FF
255             FF
256             FF
